PosS/img1606939504.0717726.png 1 121 195 19 31
PosS/img1606939547.2504551.png 1 275 103 15 24
PosS/img1606939555.0424614.png 1 205 102 11 24
PosS/img1606939556.6164646.png 1 202 101 19 26
PosS/img1606939584.721462.png 1 201 101 20 26
PosS/img1606939589.5424685.png 1 416 166 20 25
PosS/img1606939591.5654485.png 1 417 168 17 23
PosS/img1606939595.2864683.png 1 416 166 20 24
PosS/img1606939596.999451.png 1 421 167 13 22
PosS/img1606939633.224751.png 1 386 100 16 26
PosS/img1606939638.3617623.png 1 295 122 15 22
PosS/img1606939638.8667574.png 1 295 121 15 24
PosS/img1606939639.7777543.png 1 294 124 14 20
PosS/img1606939642.0357478.png 1 294 123 18 22
PosS/img1606939646.373761.png 1 276 103 16 24
PosS/img1606939650.2593117.png 1 212 167 18 24
PosS/img1606939700.4556787.png 1 211 165 20 28
PosS/img1606939701.799662.png 1 212 166 19 26
PosS/img1606939703.6736557.png 1 211 166 19 28
PosS/img1606939723.3086615.png 1 256 121 18 26
PosS/img1606939725.1466568.png 1 256 121 17 26
PosS/img1606939726.0822003.png 1 257 123 16 24
PosS/img1606939728.2702062.png 1 258 123 14 24
PosS/img1606939782.3841438.png 2 254 124 20 22 389 147 23 25
PosS/img1606939783.9241579.png 2 257 118 18 29 390 145 20 22
PosS/img1606939785.7961447.png 2 256 122 18 24 391 144 24 24
PosS/img1606939894.7010863.png 2 201 100 22 28 385 104 19 23
PosS/img1606939896.5050948.png 2 203 100 24 29 385 103 20 23
PosS/img1606939976.1683075.png 2 202 100 20 27 384 103 20 23
PosS/img1606939978.473306.png 3 200 102 23 27 272 103 21 27 383 103 22 23
PosS/img1606939980.2093186.png 3 201 101 22 28 272 103 23 25 383 105 22 21
PosS/img1606940021.24193.png 3 231 147 21 23 306 101 27 28 409 170 28 24
PosS/img1606940022.5079057.png 3 233 146 22 24 309 101 26 28 409 164 29 29
PosS/img1606940024.3478992.png 3 233 145 23 22 310 102 22 29 415 164 20 27
PosS/img1606940025.0599096.png 3 234 144 20 26 308 99 25 32 414 164 22 29
PosS/img1606940025.7906506.png 3 233 146 23 22 307 102 25 29 412 166 23 27
PosS/img1606940029.4236393.png 3 231 146 23 26 307 102 28 28 409 166 28 26
PosS/img1606940077.667291.png 3 163 104 21 26 207 165 26 28 350 144 23 25
PosS/img1606940079.2833257.png 3 208 165 28 28 162 104 26 22 352 144 19 25
PosS/img1606940080.0042922.png 3 164 103 21 27 209 167 25 24 350 145 19 20
PosS/img1606940082.487285.png 3 208 164 29 30 163 105 24 24 346 141 29 32
PosS/img1606940090.1173813.png 3 236 103 23 27 290 121 25 28 344 103 24 26
PosS/img1606940091.1873786.png 3 347 102 22 27 292 122 21 28 238 102 16 27
PosS/img1606940091.9153805.png 3 293 122 17 27 237 104 19 26 345 100 26 29
PosS/img1606941450.6848135.png 1 176 124 24 25
PosS/img1606941452.0528173.png 1 177 122 23 26
PosS/img1606941454.4888227.png 1 177 123 22 26
PosS/img1606941459.2098258.png 1 347 148 26 22
PosS/img1606941460.6478076.png 1 350 143 24 27
PosS/img1606941464.9288144.png 1 383 106 21 22
PosS/img1606941467.7658107.png 1 383 104 22 23
PosS/img1606949274.99445.png 1 121 196 21 30
PosS/img1606949277.01747.png 1 120 197 23 27
PosS/img1606949282.07547.png 1 310 145 23 25
PosS/img1606949308.7954493.png 1 311 141 26 30
PosS/img1606949323.949448.png 1 155 197 26 25
PosS/img1606949336.5114515.png 1 342 196 22 26
PosS/img1606949340.3814504.png 1 380 191 25 32
PosS/img1606949343.2694497.png 1 413 196 30 28
PosS/img1606949347.0444493.png 1 268 196 27 32
PosS/img1606949350.9064493.png 1 232 195 21 29
PosS/img1606949359.0874486.png 2 189 194 30 35 232 193 27 30
PosS/img1606949363.0724497.png 2 193 196 27 28 159 195 19 26
PosS/img1606949368.42545.png 3 113 195 30 33 154 193 31 29 193 200 24 23
PosS/img1606949375.2494528.png 2 157 198 23 27 193 198 23 24
PosS/img1606949392.399448.png 2 154 196 28 28 271 142 24 27
PosS/img1606949398.108449.png 3 273 140 23 31 304 199 28 24 156 198 24 25
PosS/img1606949413.2914495.png 2 271 140 24 25 252 120 21 27
PosS/img1606949416.67645.png 3 253 119 21 31 272 139 20 32 311 143 25 27
PosS/img1606949419.629449.png 3 276 139 19 32 326 122 26 27 254 120 22 28
PosS/img1606949460.57045.png 3 209 162 26 33 269 139 33 29 329 123 22 23
PosS/img1606949465.681448.png 3 271 138 24 30 255 121 16 27 292 123 18 24
PosS/img1606949473.9424489.png 3 251 164 21 31 272 141 23 29 291 168 23 24
PosS/img1606949482.1184478.png 1 270 138 30 29
PosS/img1606949528.4244483.png 2 272 101 22 28 347 98 23 29
PosS/img1606949534.0154498.png 2 289 117 24 33 269 97 23 33
PosS/img1606949537.4184484.png 2 251 114 24 35 273 100 22 29
PosS/img1606949541.31245.png 2 237 96 21 32 271 100 24 28
PosS/img1606949545.5624504.png 2 234 94 24 35 273 100 22 30
PosS/img1606949642.6470976.png 3 235 95 25 32 270 100 26 24 307 104 24 25
PosS/img1606949645.9340978.png 3 236 94 21 31 273 100 22 26 311 105 18 23
PosS/img1606949650.1550982.png 3 217 115 19 32 275 104 18 21 293 125 17 22
PosS/img1606949651.2670972.png 3 217 119 19 27 273 103 21 23 292 122 18 25
PosS/img1606949655.8260996.png 3 214 122 19 26 238 103 17 25 295 124 18 24
PosS/img1606949709.5371177.png 4 214 119 16 26 240 102 15 25 256 124 17 22 290 122 26 24
PosS/img1606949715.971096.png 4 216 120 19 26 239 102 18 23 308 103 21 23 329 124 22 25
PosS/img1606949721.1270978.png 4 216 116 21 33 237 100 22 27 309 104 22 24 328 123 23 26
PosS/img1606949725.4130964.png 4 213 114 24 38 235 100 23 30 307 103 23 25 329 125 20 25
PosS/img1606949777.6070964.png 4 214 123 21 24 235 102 21 24 309 99 20 28 331 124 14 24
PosS/img1606949781.6550968.png 4 214 125 20 24 237 101 17 26 309 95 19 30 350 103 16 21
PosS/img1606949784.9620981.png 4 236 99 20 28 272 105 21 21 310 96 20 29 349 103 17 19
PosS/img1606949788.753098.png 4 236 102 20 24 311 97 18 29 331 124 16 24 350 102 18 22
PosS/img1606949828.1841133.png 4 237 99 18 27 309 99 21 27 329 124 20 20 351 104 17 18
PosS/img1606949835.667096.png 4 309 98 25 27 330 125 17 23 349 103 17 24 364 122 24 25
PosS/img1606949839.3140996.png 4 329 123 19 24 369 125 17 21 351 105 14 20 312 98 17 26
PosS/img1606949842.8210967.png 4 311 104 18 25 330 121 19 28 352 102 14 22 365 115 25 33
PosS/img1606949847.139098.png 4 330 119 22 29 367 117 21 30 353 105 11 18 311 107 19 18
PosS/img1606949898.3470962.png 4 198 98 23 30 310 105 18 21 382 97 24 32 414 166 20 27
PosS/img1606949903.4010973.png 4 199 95 24 37 270 144 24 26 310 102 18 23 383 100 21 27
PosS/img1606949907.520097.png 4 200 92 24 34 273 144 20 27 310 105 19 23 404 122 23 25
PosS/img1606949912.691097.png 4 272 143 20 26 287 161 26 34 330 167 24 28 312 104 17 23
PosS/img1606949920.2810967.png 4 156 200 21 20 230 198 23 26 303 190 32 31 377 193 30 33
PosS/img1606949921.2910972.png 4 156 200 23 23 233 201 18 21 305 192 23 28 374 195 31 29
PosS/img1606949953.483098.png 4 274 147 15 23 292 116 21 28 292 169 19 23 330 165 24 28
PosS/img1606949957.1040955.png 4 272 147 17 20 293 116 18 25 315 140 15 28 292 171 18 24
PosS/img1606949962.3230977.png 4 270 147 19 24 291 123 19 22 275 104 15 21 310 105 19 20
PosS/img1606949980.9610984.png 4 193 140 19 27 248 165 28 29 293 124 18 23 352 143 17 28
PosS/img1606950052.2230985.png 4 191 137 25 32 250 167 23 29 292 124 20 25 351 144 17 26
PosS/img1606950058.1080976.png 4 252 125 21 24 270 140 21 30 293 124 18 21 308 138 25 29
PosS/img1606950060.6280973.png 4 253 125 21 21 271 144 18 26 295 124 16 16 312 139 22 34
PosS/img1606950114.5720973.png 1 271 93 31 37
PosS/img1606950117.2560976.png 1 269 94 29 33
PosS/img1606950120.4950972.png 1 336 184 36 44
PosS/img1606950122.7420986.png 1 339 185 35 40
PosS/img1606950126.0971136.png 1 114 187 29 42
PosS/img1606950127.2010968.png 1 117 191 22 33
PosS/img1606950127.5500996.png 1 117 189 24 35
PosS/img1606950128.483096.png 1 118 188 22 39
PosS/img1606950129.617098.png 1 119 188 21 34
PosS/img1606950133.1250987.png 1 382 91 27 36
PosS/img1606950133.8240979.png 1 381 92 27 39
PosS/img1606950134.0260973.png 1 380 92 26 41
PosS/img1606950134.2440982.png 1 380 92 29 39
PosS/img1606950136.9770977.png 1 161 88 25 46
PosS/img1606950168.2240977.png 1 161 88 24 45
PosS/img1606950172.6740956.png 1 309 91 25 36
PosS/img1606950176.1350977.png 1 270 94 24 35
PosS/img1606950179.323097.png 1 249 110 28 42
PosS/img1606950182.6410985.png 1 382 89 26 42
PosS/img1606950215.993097.png 1 383 90 26 36
PosS/img1606950219.219098.png 1 369 114 18 29
PosS/img1606950222.8460963.png 1 405 113 23 33
PosS/img1606950225.9200978.png 1 347 94 22 33
PosS/img1606950267.6440976.png 1 291 112 23 35
PosS/img1606950269.2930958.png 1 292 115 21 33
PosS/img1606950270.7080956.png 1 292 115 24 33
PosS/img1607012714.2378013.png 1 193 15 16 28
PosS/img1607012715.5848393.png 1 194 20 14 20
PosS/img1607012716.9697306.png 1 194 19 14 25
PosS/img1607012719.115954.png 1 193 19 16 23
PosS/img1607012723.7681496.png 1 195 19 13 24
PosS/img1607012725.457288.png 1 194 18 12 24
PosS/img1607013864.5810044.png 2 307 99 25 30 290 167 23 26
PosS/img1607013875.69554.png 2 288 165 28 27 307 98 24 32
PosS/img1607013889.7388482.png 2 270 98 25 31 345 98 24 28
PosS/img1607013941.600506.png 2 271 101 24 28 344 101 20 27
PosS/img1607013952.3572018.png 2 231 141 23 31 347 141 27 30
PosS/img1607013953.507203.png 2 230 141 23 28 349 142 27 25
PosS/img1607014104.5057979.png 1 190 205 20 23
PosS/img1607014109.2079687.png 1 191 204 19 22
PosS/img1607014116.6437.png 1 191 204 19 22
PosS/img1607014122.8922806.png 3 231 138 26 32 350 140 25 26 304 199 26 24
PosS/img1607014123.6288028.png 1 191 199 22 29
PosS/img1607014124.6762736.png 3 305 198 22 24 348 138 26 29 231 140 24 28
PosS/img1607014136.7215533.png 1 230 200 20 28
PosS/img1607014143.1783578.png 1 305 198 25 25
PosS/img1607014146.3024168.png 2 228 203 21 26 115 203 20 25
PosS/img1607014156.3495932.png 4 233 199 18 22 306 198 21 24 351 141 22 24 232 142 22 26
PosS/img1607014158.838597.png 4 230 201 22 23 306 198 24 24 350 139 23 30 231 141 22 28
PosS/img1607014159.00232.png 2 179 123 19 25 368 123 18 26
PosS/img1607014163.9023855.png 2 165 104 19 24 414 167 22 26
PosS/img1607014165.4745965.png 4 230 139 24 30 348 138 25 31 304 200 24 22 232 197 21 24
PosS/img1607014165.5154903.png 2 163 104 22 23 414 166 20 27
PosS/img1607014166.5626836.png 2 164 104 18 23 416 167 19 26
PosS/img1607014176.8811495.png 4 419 200 20 23 414 164 23 26 331 164 24 27 304 198 24 28
PosS/img1607014210.6349783.png 4 305 198 23 26 331 163 25 30 414 164 23 29 419 198 21 27
PosS/img1607014211.2573662.png 2 341 203 22 27 311 101 20 27
PosS/img1607014212.0583656.png 2 341 204 22 24 312 102 18 23
PosS/img1607014213.1263607.png 2 311 102 21 22 342 204 20 25
PosS/img1607014214.3089528.png 2 340 204 21 23 314 102 15 23
PosS/img1607014219.064998.png 2 312 103 20 22 227 203 22 24
PosS/img1607014219.3197665.png 4 330 163 25 30 412 162 27 30 418 198 21 24 345 197 20 24
PosS/img1607014219.8200066.png 2 229 205 17 24 312 101 18 25
PosS/img1607014224.1302056.png 2 229 205 20 23 275 101 19 24
PosS/img1607014225.2553194.png 2 276 103 15 23 228 204 21 25
PosS/img1607014226.2769.png 2 277 103 12 22 229 207 18 19
PosS/img1607014272.9346344.png 2 166 167 25 25 116 206 19 21
PosS/img1607014275.827463.png 2 170 167 21 22 117 203 18 26
PosS/img1607014277.9669747.png 2 172 168 20 21 114 205 21 22
PosS/img1607014287.2595432.png 2 381 206 18 21 385 102 21 25
PosS/img1607014289.1597407.png 2 385 104 20 21 378 205 21 24
PosS/img1607014291.219873.png 2 379 207 22 22 385 104 21 23
PosS/img1607014389.0562541.png 2 346 103 20 25 384 105 21 19
PosS/img1607014390.5705488.png 2 351 101 16 23 385 104 19 21
PosS/img1607014391.901511.png 2 348 103 21 24 384 104 20 24
PosS/img1607014397.7751625.png 2 274 103 22 25 311 104 22 23
PosS/img1607014398.9147193.png 2 274 103 21 24 311 103 18 24
PosS/img1607014400.902312.png 2 273 103 21 24 310 104 18 23
PosS/img1607014440.1139631.png 2 256 124 17 23 331 122 19 24
PosS/img1607014441.8125167.png 2 255 124 21 24 330 125 23 23
PosS/img1607014442.832256.png 2 254 126 19 22 330 123 20 25
PosS/img1607014450.7013075.png 2 274 103 19 24 333 124 14 22
PosS/img1607014454.2555223.png 2 275 103 17 26 328 124 23 25
PosS/img1607014455.23806.png 2 273 103 22 23 330 123 21 27
PosS/img1607014458.3334608.png 2 331 121 20 27 276 103 19 23
PosS/img1607014502.6423435.png 2 270 100 25 28 310 102 21 24
PosS/img1607014503.2124844.png 2 271 99 27 28 311 103 21 24
PosS/img1607014505.3775644.png 2 271 100 25 29 310 104 23 22
PosS/img1607014511.6827862.png 2 332 122 21 24 271 98 24 28
PosS/img1607014512.4783633.png 2 274 100 17 27 330 122 19 24
PosS/img1607014513.476931.png 2 275 100 20 24 330 123 20 23
PosS/img1607014574.6044314.png 3 276 97 21 26 332 124 20 24 340 205 23 26
PosS/img1607014606.7331898.png 3 270 99 27 35 331 123 19 26 341 204 23 25
PosS/img1607014607.688729.png 3 271 97 26 28 331 125 19 24 339 203 24 27
PosS/img1607014610.1877847.png 3 273 99 24 27 331 123 20 27 343 205 20 25
PosS/img1607014613.2033303.png 3 272 99 25 27 331 124 20 24 343 205 20 21
PosS/img1607014616.1634007.png 3 274 100 24 24 331 123 18 25 341 205 21 23
PosS/img1607014628.0570834.png 3 274 99 20 30 309 103 20 23 349 102 17 25
PosS/img1607014629.3210564.png 3 273 100 25 27 310 104 20 21 346 103 23 23
PosS/img1607014630.5441773.png 3 272 100 23 26 309 104 24 23 346 103 23 24
PosS/img1607014631.973843.png 3 273 99 21 27 311 104 20 23 346 105 20 21
PosS/img1607014633.4143734.png 3 273 98 25 29 309 104 22 22 347 100 20 26
PosS/img1607014668.6427965.png 3 268 140 27 31 309 142 25 28 349 145 28 24
PosS/img1607014669.6397936.png 3 269 140 27 29 312 145 19 25 351 144 19 24
PosS/img1607014670.5608919.png 3 273 141 20 27 314 145 17 25 353 146 21 22
PosS/img1607014672.640541.png 3 271 141 22 27 310 144 24 25 350 145 25 23
PosS/img1607014675.7877765.png 3 271 140 23 29 312 146 21 23 352 145 20 23
PosS/img1607014676.6793437.png 3 272 141 25 28 310 144 24 24 351 145 23 23
PosS/img1607014677.2983456.png 3 268 140 27 32 309 146 22 22 352 146 24 23
